 
(electric field gradient tensor is in Cartesian coordinates)
 
 
Species :    1 (Mg), atom :    1
 
 EFG tensor :
  0.4540892586E-01 -0.1763387239E-01  0.6360381772E-01
 -0.1763387239E-01 -0.6707466662E-01  0.5324981887E-01
  0.6360381772E-01  0.5324981887E-01  0.2166574076E-01
 trace :   0.2255140519E-15
 eigenvalues :
 -0.1057174610      0.4640486884E-02  0.1010769741    
 
 
Species :    1 (Mg), atom :    2
 
 EFG tensor :
  0.4540892586E-01 -0.1763387239E-01 -0.6360381772E-01
 -0.1763387239E-01 -0.6707466662E-01 -0.5324981887E-01
 -0.6360381772E-01 -0.5324981887E-01  0.2166574076E-01
 trace :  -0.8673617380E-16
 eigenvalues :
 -0.1057174610      0.4640486884E-02  0.1010769741    
 
 
Species :    1 (Mg), atom :    3
 
 EFG tensor :
  0.4540892586E-01  0.1763387239E-01 -0.6360381772E-01
  0.1763387239E-01 -0.6707466662E-01  0.5324981887E-01
 -0.6360381772E-01  0.5324981887E-01  0.2166574076E-01
 trace :  -0.2324529458E-15
 eigenvalues :
 -0.1057174610      0.4640486884E-02  0.1010769741    
 
 
Species :    1 (Mg), atom :    4
 
 EFG tensor :
  0.4540892586E-01  0.1763387239E-01  0.6360381772E-01
  0.1763387239E-01 -0.6707466662E-01 -0.5324981887E-01
  0.6360381772E-01 -0.5324981887E-01  0.2166574076E-01
 trace :  -0.5204170428E-16
 eigenvalues :
 -0.1057174610      0.4640486884E-02  0.1010769741    
 
 
Species :    1 (Mg), atom :    5
 
 EFG tensor :
 -0.8040555871E-01 -0.3650637845E-01 -0.3047653057E-16
 -0.3650637845E-01  0.1498274433E-01 -0.1054253974E-15
 -0.3047653057E-16 -0.1054253974E-15  0.6542281438E-01
 trace :  -0.7216449660E-15
 eigenvalues :
 -0.9277343976E-01  0.2735062538E-01  0.6542281438E-01
 
 
Species :    1 (Mg), atom :    6
 
 EFG tensor :
 -0.8040555871E-01 -0.3650637845E-01 -0.8533708916E-16
 -0.3650637845E-01  0.1498274433E-01 -0.1268311785E-15
 -0.8533708916E-16 -0.1268311785E-15  0.6542281438E-01
 trace :   0.2775557562E-16
 eigenvalues :
 -0.9277343976E-01  0.2735062538E-01  0.6542281438E-01
 
 
Species :    1 (Mg), atom :    7
 
 EFG tensor :
 -0.8040555871E-01  0.3650637845E-01  0.6083835430E-16
  0.3650637845E-01  0.1498274433E-01  0.8868811951E-16
  0.6083835430E-16  0.8868811951E-16  0.6542281438E-01
 trace :   0.4163336342E-16
 eigenvalues :
 -0.9277343976E-01  0.2735062538E-01  0.6542281438E-01
 
 
Species :    1 (Mg), atom :    8
 
 EFG tensor :
 -0.8040555871E-01  0.3650637845E-01 -0.2566982641E-16
  0.3650637845E-01  0.1498274433E-01  0.1392643800E-15
 -0.2566982641E-16  0.1392643800E-15  0.6542281438E-01
 trace :   0.9714451465E-16
 eigenvalues :
 -0.9277343976E-01  0.2735062538E-01  0.6542281438E-01
 
 
Species :    2 (Si), atom :    1
 
 EFG tensor :
  0.1998888880      0.3247854545E-01  0.9705954098E-16
  0.3247854545E-01 -0.1762801640     -0.3077944466E-15
  0.9705954098E-16 -0.3077944466E-15 -0.2360872399E-01
 trace :  -0.4787836794E-15
 eigenvalues :
 -0.1790637727     -0.2360872399E-01  0.2026724967    
 
 
Species :    2 (Si), atom :    2
 
 EFG tensor :
  0.1998888880      0.3247854545E-01  0.9050580257E-16
  0.3247854545E-01 -0.1762801640     -0.3344693075E-15
  0.9050580257E-16 -0.3344693075E-15 -0.2360872399E-01
 trace :   0.4336808690E-15
 eigenvalues :
 -0.1790637727     -0.2360872399E-01  0.2026724967    
 
 
Species :    2 (Si), atom :    3
 
 EFG tensor :
  0.1998888880     -0.3247854545E-01  0.1056039611E-15
 -0.3247854545E-01 -0.1762801640      0.8244420802E-16
  0.1056039611E-15  0.8244420802E-16 -0.2360872399E-01
 trace :   0.1151856388E-14
 eigenvalues :
 -0.1790637727     -0.2360872399E-01  0.2026724967    
 
 
Species :    2 (Si), atom :    4
 
 EFG tensor :
  0.1998888880     -0.3247854545E-01  0.1427804355E-16
 -0.3247854545E-01 -0.1762801640      0.1160800898E-15
  0.1427804355E-16  0.1160800898E-15 -0.2360872399E-01
 trace :   0.2775557562E-16
 eigenvalues :
 -0.1790637727     -0.2360872399E-01  0.2026724967    
 
 
Species :    3 (O), atom :    1
 
 EFG tensor :
 -0.4883142850     -0.4644265160E-01 -0.2893374241E-15
 -0.4644265160E-01  0.1719771655      0.2307362823E-15
 -0.2893374241E-15  0.2307362823E-15  0.3163371195    
 trace :  -0.9436895709E-15
 eigenvalues :
 -0.4915649001      0.1752277806      0.3163371195    
 
 
Species :    3 (O), atom :    2
 
 EFG tensor :
 -0.4883142850     -0.4644265160E-01 -0.8665332380E-16
 -0.4644265160E-01  0.1719771655      0.1921692501E-15
 -0.8665332380E-16  0.1921692501E-15  0.3163371195    
 trace :   0.7216449660E-15
 eigenvalues :
 -0.4915649001      0.1752277806      0.3163371195    
 
 
Species :    3 (O), atom :    3
 
 EFG tensor :
 -0.4883142850      0.4644265160E-01 -0.1075299185E-15
  0.4644265160E-01  0.1719771655     -0.4737739850E-15
 -0.1075299185E-15 -0.4737739850E-15  0.3163371195    
 trace :   0.3330669074E-14
 eigenvalues :
 -0.4915649001      0.1752277806      0.3163371195    
 
 
Species :    3 (O), atom :    4
 
 EFG tensor :
 -0.4883142850      0.4644265160E-01 -0.1908814821E-15
  0.4644265160E-01  0.1719771655     -0.3512425491E-15
 -0.1908814821E-15 -0.3512425491E-15  0.3163371195    
 trace :  -0.2164934898E-14
 eigenvalues :
 -0.4915649001      0.1752277806      0.3163371195    
 
 
Species :    3 (O), atom :    5
 
 EFG tensor :
 -0.5817198967E-01  0.2576542145      0.1269063876E-15
  0.2576542145     -0.2568887445     -0.2865787890E-16
  0.1269063876E-15 -0.2865787890E-16  0.3150607341    
 trace :   0.1165734176E-14
 eigenvalues :
 -0.4336784820      0.1186177479      0.3150607341    
 
 
Species :    3 (O), atom :    6
 
 EFG tensor :
 -0.5817198967E-01  0.2576542145      0.1229734413E-15
  0.2576542145     -0.2568887445      0.1684989048E-15
  0.1229734413E-15  0.1684989048E-15  0.3150607341    
 trace :   0.5551115123E-16
 eigenvalues :
 -0.4336784820      0.1186177479      0.3150607341    
 
 
Species :    3 (O), atom :    7
 
 EFG tensor :
 -0.5817198967E-01 -0.2576542145     -0.4353297598E-15
 -0.2576542145     -0.2568887445     -0.8050984716E-15
 -0.4353297598E-15 -0.8050984716E-15  0.3150607341    
 trace :  -0.5551115123E-16
 eigenvalues :
 -0.4336784820      0.1186177479      0.3150607341    
 
 
Species :    3 (O), atom :    8
 
 EFG tensor :
 -0.5817198967E-01 -0.2576542145     -0.3397294856E-15
 -0.2576542145     -0.2568887445     -0.6887664005E-15
 -0.3397294856E-15 -0.6887664005E-15  0.3150607341    
 trace :  -0.1276756478E-14
 eigenvalues :
 -0.4336784820      0.1186177479      0.3150607341    
 
 
Species :    3 (O), atom :    9
 
 EFG tensor :
  0.3617984671E-01 -0.1046542712     -0.2284590635    
 -0.1046542712      0.1873139119     -0.1586476054    
 -0.2284590635     -0.1586476054     -0.2234937586    
 trace :   0.1165734176E-14
 eigenvalues :
 -0.4161232705      0.1678290337      0.2482942368    
 
 
Species :    3 (O), atom :   10
 
 EFG tensor :
  0.3617984671E-01 -0.1046542712     -0.2284590635    
 -0.1046542712      0.1873139119     -0.1586476054    
 -0.2284590635     -0.1586476054     -0.2234937586    
 trace :   0.3330669074E-15
 eigenvalues :
 -0.4161232705      0.1678290337      0.2482942368    
 
 
Species :    3 (O), atom :   11
 
 EFG tensor :
  0.3617984671E-01 -0.1046542712      0.2284590635    
 -0.1046542712      0.1873139119      0.1586476054    
  0.2284590635      0.1586476054     -0.2234937586    
 trace :   0.8049116929E-15
 eigenvalues :
 -0.4161232705      0.1678290337      0.2482942368    
 
 
Species :    3 (O), atom :   12
 
 EFG tensor :
  0.3617984671E-01 -0.1046542712      0.2284590635    
 -0.1046542712      0.1873139119      0.1586476054    
  0.2284590635      0.1586476054     -0.2234937586    
 trace :  -0.4163336342E-15
 eigenvalues :
 -0.4161232705      0.1678290337      0.2482942368    
 
 
Species :    3 (O), atom :   13
 
 EFG tensor :
  0.3617984671E-01  0.1046542712      0.2284590635    
  0.1046542712      0.1873139119     -0.1586476054    
  0.2284590635     -0.1586476054     -0.2234937586    
 trace :  -0.5273559367E-15
 eigenvalues :
 -0.4161232705      0.1678290337      0.2482942368    
 
 
Species :    3 (O), atom :   14
 
 EFG tensor :
  0.3617984671E-01  0.1046542712      0.2284590635    
  0.1046542712      0.1873139119     -0.1586476054    
  0.2284590635     -0.1586476054     -0.2234937586    
 trace :   0.9714451465E-15
 eigenvalues :
 -0.4161232705      0.1678290337      0.2482942368    
 
 
Species :    3 (O), atom :   15
 
 EFG tensor :
  0.3617984671E-01  0.1046542712     -0.2284590635    
  0.1046542712      0.1873139119      0.1586476054    
 -0.2284590635      0.1586476054     -0.2234937586    
 trace :    0.000000000    
 eigenvalues :
 -0.4161232705      0.1678290337      0.2482942368    
 
 
Species :    3 (O), atom :   16
 
 EFG tensor :
  0.3617984671E-01  0.1046542712     -0.2284590635    
  0.1046542712      0.1873139119      0.1586476054    
 -0.2284590635      0.1586476054     -0.2234937586    
 trace :   0.1665334537E-15
 eigenvalues :
 -0.4161232705      0.1678290337      0.2482942368    
